20 19 18 18 17 14 13 12 12 9 9 8 8 4 4 
19 19 18 17 16 15 12 12 11 10 9 8 8 7 4 
  263   222   445   314   254   779   755   723   278   239   571   782   743   497   239 
  335   448   369   587   551   684   520   874   698   242   890   445   221   512   224 
  886   521   689   900   676   834   672   655   738   208   473   816   895   780   915 
  628   824   357   837   879   702   693   400   830   771   265   884   445   578   353 
  996   718   339   419   871   496   386   385   976   218   321   207   715   531   272 
  759   726   628   243   407   890   269   767   891   434   715   862   897   930   552 
  483   542   200   818   271   747   323   238   214   718   931   545   394   723   218 
  310   640   570   440   474   686   987   320   769   820   696   750   653   638   397 
  594   735   698   839   991   703   673   604   559   952   401   784   700   713   645 
  557   996   680   338   465   722   542   742   598   842   203   500   861   912   720 
  787   965   490   923   563   895   231   948   331   293   294   664   785   735   847 
  997   363   510   664   968   505   296   236   808   201   541   569   799   647   937 
  885   592   797   404   833   642   617   763   785   931   837   515   242   200   804 
  323   736   476   838   985   436   899   280   314   446   851   851   918   415   383 
  899   875   232   347   559   915   637   618   999   893   317   427   979   773   716 

    8    15    24    16    24    11    22    20    20    31    31    20    24    16    27 
    8    26    14     6    19    26    15    30    32    21    16    13    22     6    18 
   30    25    27    21     8    18    21    27    15    13    12    16     9    22    11 
   29    31    29    31    29    11    13    25    10    18    27     9    21    26    25 
    6    24     8    24    20    26    23    11    13    26     7    15    15    17    20 
   15    29    21    18    17    19    21    26    28    28    25    26    30    20     9 
   27    10    23     8    16    27    10    15    31     7    23     7    16    26    27 
   22    32    12    26    18     9    26    18    32    23    31    14    14    24    20 
   31    26    18    25    11    30    30    19    29    11    11    30     7     7    20 
    8     9     7    23    14    17    12    10    19    17    15     9    25    23    19 
   25    18     9    27     9    26    17     8    11    21    22    24    30    14    16 
   26    10    11    11    11    14    11    26    29    18    27    19    12     8    29 
    8    22    26    30    11     7    26     7    20    29    14    18    23    26    12 
    7     7    24    17    22    18     8    10    30    16     7    12    13    11    28 
   29    22    10    15    11    22    30    25    31    28    16    10    25     7    27 
