24 21 20 18 17 12 12 10 10 10 9 9 9 8 5 
20 18 17 17 17 16 14 13 12 12 9 9 7 7 6 
  221   446   620   792   663   728   665   435   817   663   580   612   639   608   778 
  692   965   245   599   979   827   819   871   998   470   286   983   291   464   544 
  843   902   925   383   551   373   826   518   959   830   615   734   337   577   929 
  327   745   985   611   240   890   682   426   509   295   246   475   201   369   592 
  911   654   765   668   356   820   651   839   816   703   874   783   694   902   626 
  680   712   649   608   900   319   753   697   999   611   236   914   405   946   279 
  883   809   461   260   205   659   483   291   515   947   651   667   457   701   726 
  599   340   576   909   258   511   945   658   515   617   888   802   383   572   484 
  955   953   821   800   235   643   308   785   478   929   939   656   753   992   952 
  592   779   458   375   325   440   636   200   428   200   261   844   506   820   932 
  715   690   771   656   477   822   953   287   220   552   710   465   719   323   342 
  261   804   865   525   712   427   385   226   466   621   656   315   322   374   412 
  884   666   788   831   264   619   548   733   536   474   286   668   349   234   648 
  706   637   657   460   726   834   394   590   812   786   432   719   938   372   631 
  202   762   816   368   637   315   506   877   528   791   503   488   452   642   567 

   35    24    35    52    72    59    19    16    77    34    23    27    38    57    59 
   23    60    29    23    43    53    53    33    68    25    75    51    19    40    60 
   52    50    28    26    35    67    68    42    18    34    29    33    69    67    51 
   43    66    75    20    51    52    51    64    69    75    41    37    35    63    19 
   40    43    50    52    38    71    65    74    27    47    66    58    39    76    31 
   57    74    32    27    25    60    49    77    52    47    66    49    15    66    23 
   39    19    16    38    29    61    42    66    35    52    69    30    29    56    62 
   47    41    76    16    21    35    66    46    72    22    41    77    17    22    36 
   16    63    63    53    18    58    33    35    46    73    68    73    34    41    52 
   25    18    46    16    48    67    37    22    49    62    72    28    43    69    48 
   30    55    74    24    68    61    65    22    73    28    27    62    74    54    41 
   39    62    58    46    20    26    53    76    76    18    41    40    34    18    52 
   36    72    17    54    21    52    16    76    20    66    71    59    53    32    53 
   67    55    74    18    28    67    69    50    16    44    41    21    17    61    35 
   71    32    18    30    17    48    43    16    25    37    25    46    38    58    38 
